61.50574074074074
69.09092592592593
55.06537037037037
65.72907407407408
60.36388888888889
38.351851851851855
51.78092592592593
37.50907407407407
52.995370370370374
41.81333333333333
39.946481481481484
34.70444444444445
42.682037037037034
37.9137037037037
33.922777777777775
34.153888888888886
36.49685185185185
32.33148148148148
30.39648148148148
34.181481481481484
30.327037037037037
30.08851851851852
23.875
27.424074074074074
21.787037037037038
27.424444444444443
24.040925925925926
24.505185185185184
